
Detroit Lake Bathymetery all
Segment lengths (DLX)
    0.00  389.60  455.30  596.90  489.40  315.10  323.10  402.10  434.50  532.50
  364.50  413.90  503.60  634.60  520.00  484.20  426.00  529.70  455.00  638.00
  507.70  454.20  468.10  378.60  488.50  292.10  377.30  321.40  313.00  257.70
  255.60  252.30  381.50  305.40    0.00    0.00  359.10  276.10  496.00  418.20
  368.60  550.00  400.00  401.00  394.70  405.30  604.70    0.00    0.00  285.50
  295.30  280.70  363.50  327.40  310.90  282.00  327.70    0.00    0.00  390.20
  246.00  284.50  313.80  295.30  229.80    0.00

Water surface elevation [WSEL]
 441.960 441.960 441.960 441.960 441.960 441.960 441.960 441.960 441.960 441.960
 441.960 441.960 441.960 441.960 441.960 441.960 441.960 441.960 441.960 441.960
 441.960 441.960 441.960 441.960 441.960 441.960 441.960 441.960 441.960 441.960
 441.960 441.960 441.960 441.960 441.960 441.960 441.960 441.960 441.960 441.960
 441.960 441.960 441.960 441.960 441.960 441.960 441.960 441.960 441.960 441.960
 441.960 441.960 441.960 441.960 441.960 441.960 441.960 441.960 441.960 441.960
 441.960 441.960 441.960 441.960 441.960 441.960

Segment orientation [PHI0]
    0.00    2.46    2.32    2.17    2.49    2.17    1.85    1.53    0.96    0.76
    0.68    0.56    1.04    1.13    0.96    0.78    0.64    0.62    0.75    1.35
    1.09    1.30    1.85    2.00    2.20    2.50    2.60    2.67    2.60    2.62
    2.56    2.60    2.96    2.25    0.00    0.00    0.81    0.67    0.74    1.12
    0.30    0.50    0.73    0.62    0.78    0.96    0.88    0.00    0.00    1.71
    2.42    2.23    2.75    2.40    2.35    2.43    2.41    0.00    0.00    3.86
    3.72    3.86    3.96    3.99    3.94    0.00

Bottom friction [FRICTC]
    0.04    0.04    0.04    0.04    0.04    0.04    0.04    0.04    0.04    0.04
    0.04    0.04    0.04    0.04    0.04    0.04    0.04    0.04    0.04    0.04
    0.04    0.04    0.04    0.04    0.04    0.04    0.04    0.04    0.04    0.04
    0.04    0.04    0.04    0.04    0.04    0.04    0.04    0.04    0.04    0.04
    0.04    0.04    0.04    0.04    0.04    0.04    0.04    0.04    0.04    0.04
    0.04    0.04    0.04    0.04    0.04    0.04    0.04    0.04    0.04    0.04
    0.04    0.04    0.04    0.04    0.04    0.04

Layer heights, meters [H]
    1.00    1.00    1.00    1.00    1.00    1.00    1.00    1.00    1.00    1.00
    1.00    1.00    1.00    1.00    1.00    1.00    1.00    1.00    1.00    1.00
    1.00    1.00    1.00    1.00    1.00    1.00    1.00    1.00    1.00    1.00
    1.00    1.00    1.00    1.00    1.00    1.00    1.00    1.00    1.00    1.00
    1.00    1.00    1.00    1.00    1.00    1.00    1.00    1.00    1.00    1.00
    1.00    1.00    1.00    1.00    1.00    1.00    1.00    1.00    1.00    1.00
    1.00    1.00    1.00    1.00    1.00    1.00    1.00    1.00    1.00    1.00
    1.00    1.00    1.00    1.00    1.00    1.00    1.00    1.00    1.00    1.00
    1.00    1.00    1.00    1.00    1.00    1.00    1.00    1.00    1.00    1.00
    1.00    1.00    1.00    1.00    1.00    1.00    1.00    1.00    1.00    1.00
    1.00    1.00    1.00    1.00    1.00    1.00    1.00    1.00    1.00    1.00
    1.00    1.00    1.00    1.00    1.00    1.00    1.00

Segment  1
     0.0     0.0     0.0     0.0     0.0     0.0     0.0     0.0     0.0     0.0
     0.0     0.0     0.0     0.0     0.0     0.0     0.0     0.0     0.0     0.0
     0.0     0.0     0.0     0.0     0.0     0.0     0.0     0.0     0.0     0.0
     0.0     0.0     0.0     0.0     0.0     0.0     0.0     0.0     0.0     0.0
     0.0     0.0     0.0     0.0     0.0     0.0     0.0     0.0     0.0     0.0
     0.0     0.0     0.0     0.0     0.0     0.0     0.0     0.0     0.0     0.0
     0.0     0.0     0.0     0.0     0.0     0.0     0.0     0.0     0.0     0.0
     0.0     0.0     0.0     0.0     0.0     0.0     0.0     0.0     0.0     0.0
     0.0     0.0     0.0     0.0     0.0     0.0     0.0     0.0     0.0     0.0
     0.0     0.0     0.0     0.0     0.0     0.0     0.0     0.0     0.0     0.0
     0.0     0.0     0.0     0.0     0.0     0.0     0.0     0.0     0.0     0.0
     0.0     0.0     0.0     0.0     0.0     0.0     0.0

Segment  2
     0.0    94.4    79.9    67.5    57.8    51.9    44.8    38.9    34.9    29.2
    20.6    10.5     5.0     0.0     0.0     0.0     0.0     0.0     0.0     0.0
     0.0     0.0     0.0     0.0     0.0     0.0     0.0     0.0     0.0     0.0
     0.0     0.0     0.0     0.0     0.0     0.0     0.0     0.0     0.0     0.0
     0.0     0.0     0.0     0.0     0.0     0.0     0.0     0.0     0.0     0.0
     0.0     0.0     0.0     0.0     0.0     0.0     0.0     0.0     0.0     0.0
     0.0     0.0     0.0     0.0     0.0     0.0     0.0     0.0     0.0     0.0
     0.0     0.0     0.0     0.0     0.0     0.0     0.0     0.0     0.0     0.0
     0.0     0.0     0.0     0.0     0.0     0.0     0.0     0.0     0.0     0.0
     0.0     0.0     0.0     0.0     0.0     0.0     0.0     0.0     0.0     0.0
     0.0     0.0     0.0     0.0     0.0     0.0     0.0     0.0     0.0     0.0
     0.0     0.0     0.0     0.0     0.0     0.0     0.0

Segment  3
     0.0   171.1   163.2   155.8   148.5   141.3   134.0   126.5   118.2   107.8
    88.4    60.2    30.2    10.7     5.0     0.0     0.0     0.0     0.0     0.0
     0.0     0.0     0.0     0.0     0.0     0.0     0.0     0.0     0.0     0.0
     0.0     0.0     0.0     0.0     0.0     0.0     0.0     0.0     0.0     0.0
     0.0     0.0     0.0     0.0     0.0     0.0     0.0     0.0     0.0     0.0
     0.0     0.0     0.0     0.0     0.0     0.0     0.0     0.0     0.0     0.0
     0.0     0.0     0.0     0.0     0.0     0.0     0.0     0.0     0.0     0.0
     0.0     0.0     0.0     0.0     0.0     0.0     0.0     0.0     0.0     0.0
     0.0     0.0     0.0     0.0     0.0     0.0     0.0     0.0     0.0     0.0
     0.0     0.0     0.0     0.0     0.0     0.0     0.0     0.0     0.0     0.0
     0.0     0.0     0.0     0.0     0.0     0.0     0.0     0.0     0.0     0.0
     0.0     0.0     0.0     0.0     0.0     0.0     0.0

Segment  4
     0.0   324.7   315.5   306.7   297.1   287.1   277.7   268.9   259.0   247.1
   232.8   217.2   201.4   184.8   166.8   148.2   130.9   114.6    96.1    68.2
    40.3    27.1    21.3    15.3    10.7     6.9     0.0     0.0     0.0     0.0
     0.0     0.0     0.0     0.0     0.0     0.0     0.0     0.0     0.0     0.0
     0.0     0.0     0.0     0.0     0.0     0.0     0.0     0.0     0.0     0.0
     0.0     0.0     0.0     0.0     0.0     0.0     0.0     0.0     0.0     0.0
     0.0     0.0     0.0     0.0     0.0     0.0     0.0     0.0     0.0     0.0
     0.0     0.0     0.0     0.0     0.0     0.0     0.0     0.0     0.0     0.0
     0.0     0.0     0.0     0.0     0.0     0.0     0.0     0.0     0.0     0.0
     0.0     0.0     0.0     0.0     0.0     0.0     0.0     0.0     0.0     0.0
     0.0     0.0     0.0     0.0     0.0     0.0     0.0     0.0     0.0     0.0
     0.0     0.0     0.0     0.0     0.0     0.0     0.0

Segment  5
     0.0   286.0   279.2   272.9   266.8   260.8   255.0   249.1   243.1   236.6
   229.4   221.3   212.8   203.9   194.3   183.9   172.7   161.0   148.2   132.1
    99.0    56.6    28.6    16.9    11.4     5.0     0.0     0.0     0.0     0.0
     0.0     0.0     0.0     0.0     0.0     0.0     0.0     0.0     0.0     0.0
     0.0     0.0     0.0     0.0     0.0     0.0     0.0     0.0     0.0     0.0
     0.0     0.0     0.0     0.0     0.0     0.0     0.0     0.0     0.0     0.0
     0.0     0.0     0.0     0.0     0.0     0.0     0.0     0.0     0.0     0.0
     0.0     0.0     0.0     0.0     0.0     0.0     0.0     0.0     0.0     0.0
     0.0     0.0     0.0     0.0     0.0     0.0     0.0     0.0     0.0     0.0
     0.0     0.0     0.0     0.0     0.0     0.0     0.0     0.0     0.0     0.0
     0.0     0.0     0.0     0.0     0.0     0.0     0.0     0.0     0.0     0.0
     0.0     0.0     0.0     0.0     0.0     0.0     0.0

Segment  6
     0.0   214.9   210.2   205.6   200.8   196.3   192.0   187.8   183.5   178.9
   174.2   169.1   163.7   157.8   151.4   144.3   136.5   128.0   118.8   109.0
    98.8    88.6    77.8    65.8    51.5    35.7    24.0    17.3    12.2     6.9
     0.0     0.0     0.0     0.0     0.0     0.0     0.0     0.0     0.0     0.0
     0.0     0.0     0.0     0.0     0.0     0.0     0.0     0.0     0.0     0.0
     0.0     0.0     0.0     0.0     0.0     0.0     0.0     0.0     0.0     0.0
     0.0     0.0     0.0     0.0     0.0     0.0     0.0     0.0     0.0     0.0
     0.0     0.0     0.0     0.0     0.0     0.0     0.0     0.0     0.0     0.0
     0.0     0.0     0.0     0.0     0.0     0.0     0.0     0.0     0.0     0.0
     0.0     0.0     0.0     0.0     0.0     0.0     0.0     0.0     0.0     0.0
     0.0     0.0     0.0     0.0     0.0     0.0     0.0     0.0     0.0     0.0
     0.0     0.0     0.0     0.0     0.0     0.0     0.0

Segment  7
     0.0   294.4   287.3   280.6   274.3   268.0   261.7   255.3   248.7   241.5
   234.1   226.3   218.1   209.5   200.4   190.6   180.4   170.0   159.6   148.8
   135.9   122.0   109.0    97.9    88.4    77.4    66.0    57.0    49.0    35.2
    14.3     0.0     0.0     0.0     0.0     0.0     0.0     0.0     0.0     0.0
     0.0     0.0     0.0     0.0     0.0     0.0     0.0     0.0     0.0     0.0
     0.0     0.0     0.0     0.0     0.0     0.0     0.0     0.0     0.0     0.0
     0.0     0.0     0.0     0.0     0.0     0.0     0.0     0.0     0.0     0.0
     0.0     0.0     0.0     0.0     0.0     0.0     0.0     0.0     0.0     0.0
     0.0     0.0     0.0     0.0     0.0     0.0     0.0     0.0     0.0     0.0
     0.0     0.0     0.0     0.0     0.0     0.0     0.0     0.0     0.0     0.0
     0.0     0.0     0.0     0.0     0.0     0.0     0.0     0.0     0.0     0.0
     0.0     0.0     0.0     0.0     0.0     0.0     0.0

Segment  8
     0.0   386.3   379.6   373.1   366.8   360.5   354.1   347.6   340.7   333.0
   324.3   315.1   305.6   295.5   284.8   273.5   261.7   250.1   238.6   227.1
   216.0   205.8   196.4   187.5   178.8   170.3   161.7   152.6   142.9   123.4
    81.6    39.9    17.7     5.0     0.0     0.0     0.0     0.0     0.0     0.0
     0.0     0.0     0.0     0.0     0.0     0.0     0.0     0.0     0.0     0.0
     0.0     0.0     0.0     0.0     0.0     0.0     0.0     0.0     0.0     0.0
     0.0     0.0     0.0     0.0     0.0     0.0     0.0     0.0     0.0     0.0
     0.0     0.0     0.0     0.0     0.0     0.0     0.0     0.0     0.0     0.0
     0.0     0.0     0.0     0.0     0.0     0.0     0.0     0.0     0.0     0.0
     0.0     0.0     0.0     0.0     0.0     0.0     0.0     0.0     0.0     0.0
     0.0     0.0     0.0     0.0     0.0     0.0     0.0     0.0     0.0     0.0
     0.0     0.0     0.0     0.0     0.0     0.0     0.0

Segment  9
     0.0   411.8   406.6   401.6   396.8   392.2   387.7   383.2   378.6   373.8
   368.7   363.4   357.8   351.8   345.2   338.0   329.9   320.9   311.2   301.0
   291.4   282.9   275.0   267.6   260.3   253.0   245.4   237.3   228.3   210.2
   177.5   144.4   121.1   104.2    88.2    72.2    58.1    44.9    32.1    18.2
     5.2     0.0     0.0     0.0     0.0     0.0     0.0     0.0     0.0     0.0
     0.0     0.0     0.0     0.0     0.0     0.0     0.0     0.0     0.0     0.0
     0.0     0.0     0.0     0.0     0.0     0.0     0.0     0.0     0.0     0.0
     0.0     0.0     0.0     0.0     0.0     0.0     0.0     0.0     0.0     0.0
     0.0     0.0     0.0     0.0     0.0     0.0     0.0     0.0     0.0     0.0
     0.0     0.0     0.0     0.0     0.0     0.0     0.0     0.0     0.0     0.0
     0.0     0.0     0.0     0.0     0.0     0.0     0.0     0.0     0.0     0.0
     0.0     0.0     0.0     0.0     0.0     0.0     0.0

Segment 10
     0.0   584.9   583.7   582.6   581.4   580.2   578.9   577.4   575.5   573.4
   571.0   568.5   565.6   562.6   559.3   555.3   550.9   545.8   539.6   532.7
   526.1   520.1   514.3   508.8   503.2   497.6   491.9   485.9   479.6   472.7
   463.3   452.9   442.8   431.2   417.8   402.0   382.6   355.2   321.5   280.1
   222.6   171.7   135.8   105.2    78.8    54.5    35.0    17.5     5.0     0.0
     0.0     0.0     0.0     0.0     0.0     0.0     0.0     0.0     0.0     0.0
     0.0     0.0     0.0     0.0     0.0     0.0     0.0     0.0     0.0     0.0
     0.0     0.0     0.0     0.0     0.0     0.0     0.0     0.0     0.0     0.0
     0.0     0.0     0.0     0.0     0.0     0.0     0.0     0.0     0.0     0.0
     0.0     0.0     0.0     0.0     0.0     0.0     0.0     0.0     0.0     0.0
     0.0     0.0     0.0     0.0     0.0     0.0     0.0     0.0     0.0     0.0
     0.0     0.0     0.0     0.0     0.0     0.0     0.0

Segment 11
     0.0   702.0   700.6   698.9   696.5   693.5   689.8   685.9   682.1   678.0
   673.6   668.9   664.0   658.5   652.4   645.9   638.0   629.1   620.0   611.3
   603.0   595.7   589.1   582.9   576.8   570.7   564.5   558.1   551.4   543.9
   535.4   525.9   515.6   504.1   491.2   476.9   460.8   442.7   421.2   390.9
   356.2   326.0   299.1   272.8   244.7   213.4   178.3   134.6    76.8    30.7
    11.4     5.0     0.0     0.0     0.0     0.0     0.0     0.0     0.0     0.0
     0.0     0.0     0.0     0.0     0.0     0.0     0.0     0.0     0.0     0.0
     0.0     0.0     0.0     0.0     0.0     0.0     0.0     0.0     0.0     0.0
     0.0     0.0     0.0     0.0     0.0     0.0     0.0     0.0     0.0     0.0
     0.0     0.0     0.0     0.0     0.0     0.0     0.0     0.0     0.0     0.0
     0.0     0.0     0.0     0.0     0.0     0.0     0.0     0.0     0.0     0.0
     0.0     0.0     0.0     0.0     0.0     0.0     0.0

Segment 12
     0.0   649.8   642.2   631.2   614.6   603.8   596.9   592.1   587.3   582.6
   577.9   573.2   568.5   563.9   559.3   554.9   550.6   546.4   542.5   538.6
   534.8   531.1   527.4   523.8   520.2   516.6   513.0   509.4   505.7   502.0
   498.1   494.3   490.4   486.3   482.2   477.9   473.4   468.6   462.8   453.6
   443.7   435.4   426.5   415.6   402.3   384.1   355.8   315.0   264.7   172.9
    80.0    41.9    26.1    17.6    10.9     5.0     0.0     0.0     0.0     0.0
     0.0     0.0     0.0     0.0     0.0     0.0     0.0     0.0     0.0     0.0
     0.0     0.0     0.0     0.0     0.0     0.0     0.0     0.0     0.0     0.0
     0.0     0.0     0.0     0.0     0.0     0.0     0.0     0.0     0.0     0.0
     0.0     0.0     0.0     0.0     0.0     0.0     0.0     0.0     0.0     0.0
     0.0     0.0     0.0     0.0     0.0     0.0     0.0     0.0     0.0     0.0
     0.0     0.0     0.0     0.0     0.0     0.0     0.0

Segment 13
     0.0   726.6   722.4   720.0   710.5   698.9   692.0   687.0   681.8   676.6
   671.1   665.5   659.9   654.5   649.0   643.6   638.5   633.4   628.5   623.8
   619.1   614.4   609.7   604.8   599.8   594.5   589.0   583.1   576.7   569.5
   561.7   553.5   545.1   536.6   528.8   521.9   514.8   507.3   499.3   490.2
   480.1   470.2   460.2   448.2   431.4   409.2   387.2   367.9   348.2   320.2
   282.1   245.0   211.1   173.7   135.4   104.8    83.1    66.5    49.6    35.6
    24.8    10.9     0.0     0.0     0.0     0.0     0.0     0.0     0.0     0.0
     0.0     0.0     0.0     0.0     0.0     0.0     0.0     0.0     0.0     0.0
     0.0     0.0     0.0     0.0     0.0     0.0     0.0     0.0     0.0     0.0
     0.0     0.0     0.0     0.0     0.0     0.0     0.0     0.0     0.0     0.0
     0.0     0.0     0.0     0.0     0.0     0.0     0.0     0.0     0.0     0.0
     0.0     0.0     0.0     0.0     0.0     0.0     0.0

Segment 14
     0.0   666.1   656.2   647.4   641.4   634.2   627.6   623.1   619.0   614.9
   610.8   606.9   603.0   599.2   595.4   591.5   587.6   583.5   579.4   575.1
   570.6   566.0   561.2   556.2   551.1   545.5   539.5   533.0   525.7   517.8
   509.2   500.1   491.1   482.5   474.0   465.6   457.0   447.8   437.8   427.0
   416.2   405.8   395.4   385.4   374.8   363.4   350.9   337.0   322.2   306.8
   290.9   274.9   257.9   239.7   220.9   200.4   176.9   147.9   110.3    72.4
    38.8    11.0     0.0     0.0     0.0     0.0     0.0     0.0     0.0     0.0
     0.0     0.0     0.0     0.0     0.0     0.0     0.0     0.0     0.0     0.0
     0.0     0.0     0.0     0.0     0.0     0.0     0.0     0.0     0.0     0.0
     0.0     0.0     0.0     0.0     0.0     0.0     0.0     0.0     0.0     0.0
     0.0     0.0     0.0     0.0     0.0     0.0     0.0     0.0     0.0     0.0
     0.0     0.0     0.0     0.0     0.0     0.0     0.0

Segment 15
     0.0  1722.6  1707.0  1692.3  1678.0  1664.0  1649.2  1632.6  1615.3  1598.1
  1576.9  1552.8  1524.2  1493.6  1469.1  1447.8  1427.1  1406.7  1385.0  1360.1
  1332.2  1304.4  1278.5  1253.8  1230.5  1209.0  1188.7  1168.7  1148.6  1129.0
  1110.1  1092.1  1076.8  1064.1  1052.2  1040.9  1029.9  1018.9  1007.2   991.8
   975.4   961.8   946.7   929.5   913.5   899.1   884.8   869.6   850.3   821.7
   785.3   749.3   715.4   673.3   621.8   573.0   511.0   424.8   320.7   206.2
   100.1    41.5    21.3     5.3     0.0     0.0     0.0     0.0     0.0     0.0
     0.0     0.0     0.0     0.0     0.0     0.0     0.0     0.0     0.0     0.0
     0.0     0.0     0.0     0.0     0.0     0.0     0.0     0.0     0.0     0.0
     0.0     0.0     0.0     0.0     0.0     0.0     0.0     0.0     0.0     0.0
     0.0     0.0     0.0     0.0     0.0     0.0     0.0     0.0     0.0     0.0
     0.0     0.0     0.0     0.0     0.0     0.0     0.0

Segment 16
     0.0  1473.3  1459.8  1446.8  1434.3  1422.0  1409.8  1397.3  1384.3  1369.5
  1349.9  1329.5  1312.9  1297.7  1282.6  1267.3  1252.1  1237.2  1221.3  1202.8
  1180.2  1157.5  1137.6  1118.8  1101.1  1084.0  1067.2  1050.2  1032.4  1012.3
   990.5   970.1   951.8   934.2   916.7   899.5   882.2   864.4   845.0   819.1
   792.4   771.7   754.2   738.7   724.2   710.2   696.2   682.1   667.3   650.3
   630.3   610.8   594.1   578.0   561.9   545.4   527.7   508.5   486.6   454.2
   411.1   365.5   320.2   272.4   222.8   180.3   142.0   110.2    78.5    43.5
    19.6     7.4     0.0     0.0     0.0     0.0     0.0     0.0     0.0     0.0
     0.0     0.0     0.0     0.0     0.0     0.0     0.0     0.0     0.0     0.0
     0.0     0.0     0.0     0.0     0.0     0.0     0.0     0.0     0.0     0.0
     0.0     0.0     0.0     0.0     0.0     0.0     0.0     0.0     0.0     0.0
     0.0     0.0     0.0     0.0     0.0     0.0     0.0

Segment 17
     0.0  1175.4  1167.2  1159.3  1151.6  1144.2  1136.8  1129.3  1121.6  1113.3
  1103.0  1092.0  1082.1  1072.5  1062.9  1053.3  1043.5  1033.3  1022.4  1010.2
   997.1   984.9   974.4   964.6   955.0   945.7   936.3   926.7   916.5   905.4
   894.0   883.3   873.4   863.9   854.7   845.4   836.0   826.1   815.6   803.9
   792.8   783.4   774.5   765.9   757.5   749.2   740.9   732.4   723.5   713.1
   702.2   692.3   683.1   674.1   665.1   655.8   646.0   635.5   624.1   611.2
   597.0   582.6   568.4   554.3   540.1   525.7   510.9   495.8   473.5   436.1
   385.0   308.9   215.8   138.7    89.3    59.2    35.3    14.4     0.0     0.0
     0.0     0.0     0.0     0.0     0.0     0.0     0.0     0.0     0.0     0.0
     0.0     0.0     0.0     0.0     0.0     0.0     0.0     0.0     0.0     0.0
     0.0     0.0     0.0     0.0     0.0     0.0     0.0     0.0     0.0     0.0
     0.0     0.0     0.0     0.0     0.0     0.0     0.0

Segment 18
     0.0  1108.9  1099.9  1091.6  1083.6  1075.8  1068.0  1060.0  1051.5  1041.7
  1030.6  1019.7  1009.9  1000.1   990.4   980.8   971.2   961.9   952.9   944.2
   936.2   928.8   922.0   915.4   908.9   902.6   896.4   890.2   884.0   877.6
   871.1   864.6   858.1   851.6   845.0   838.5   831.8   825.1   818.4   811.6
   804.9   798.2   791.5   785.0   778.6   772.5   766.5   760.4   754.3   748.2
   741.5   734.4   727.3   720.2   713.2   706.1   698.7   691.2   684.2   677.3
   670.2   663.3   656.5   649.6   642.7   635.5   627.6   618.6   609.5   592.0
   560.8   526.3   495.9   464.4   431.8   401.6   376.8   354.9   329.1   303.7
   278.3   247.6   219.1   194.6   164.6   133.7    97.5    56.9    19.4     0.0
     0.0     0.0     0.0     0.0     0.0     0.0     0.0     0.0     0.0     0.0
     0.0     0.0     0.0     0.0     0.0     0.0     0.0     0.0     0.0     0.0
     0.0     0.0     0.0     0.0     0.0     0.0     0.0

Segment 19
     0.0   962.1   957.4   952.4   947.1   941.6   936.3   930.7   925.0   919.5
   914.1   908.9   903.9   899.0   894.2   889.4   884.6   879.8   874.9   869.9
   864.8   859.5   854.3   849.2   844.1   839.1   834.0   828.8   823.4   817.9
   812.2   806.4   800.5   794.6   788.6   782.6   776.5   770.3   764.1   757.8
   751.5   745.2   739.3   733.5   727.7   721.9   715.9   709.3   701.9   694.1
   686.8   680.2   673.9   667.5   661.6   656.5   651.4   646.3   641.2   636.1
   630.9   625.5   619.3   612.6   606.1   599.8   593.6   587.5   580.9   573.4
   564.8   555.3   544.7   533.0   519.4   503.3   484.5   462.6   433.1   374.1
   259.1   148.8    90.5    58.5    38.6    24.1     9.5     0.0     0.0     0.0
     0.0     0.0     0.0     0.0     0.0     0.0     0.0     0.0     0.0     0.0
     0.0     0.0     0.0     0.0     0.0     0.0     0.0     0.0     0.0     0.0
     0.0     0.0     0.0     0.0     0.0     0.0     0.0

Segment 20
     0.0   930.8   925.2   919.7   914.2   908.8   903.5   898.2   893.0   887.6
   882.1   876.7   871.2   865.6   860.1   854.6   849.0   843.4   837.6   831.8
   825.8   820.0   814.3   808.5   802.7   796.9   790.9   784.8   778.5   771.7
   764.7   757.5   750.4   743.1   735.9   728.7   721.4   714.1   706.5   698.6
   690.6   682.9   675.3   668.0   660.8   653.7   646.5   639.1   631.8   624.9
   618.3   612.0   605.8   599.8   593.8   588.0   582.3   576.5   570.7   564.7
   558.5   552.5   546.5   540.5   534.6   528.5   522.5   516.3   510.0   503.4
   496.4   489.0   481.1   472.6   462.9   451.8   438.7   420.7   397.6   369.5
   335.1   299.7   265.7   235.4   209.9   184.8   162.9   141.6   111.2    74.8
    38.9    10.6     0.0     0.0     0.0     0.0     0.0     0.0     0.0     0.0
     0.0     0.0     0.0     0.0     0.0     0.0     0.0     0.0     0.0     0.0
     0.0     0.0     0.0     0.0     0.0     0.0     0.0

Segment 21
     0.0   981.2   980.6   979.7   978.7   977.3   975.6   974.0   972.3   970.6
   968.9   967.1   965.1   963.0   960.8   958.4   956.0   953.6   951.1   948.4
   945.6   942.6   939.7   936.7   933.5   929.8   925.3   920.7   916.0   911.0
   905.9   901.1   897.2   893.6   890.1   886.6   883.0   879.3   875.3   870.8
   866.1   861.8   857.5   853.0   848.4   843.6   838.5   832.6   825.0   817.8
   811.9   805.9   799.6   792.4   783.0   771.7   759.5   748.2   738.7   727.7
   715.1   703.5   692.5   681.1   666.9   650.9   635.1   618.2   596.7   571.7
   549.5   532.5   518.1   502.7   487.0   472.5   458.4   444.5   428.7   412.1
   394.4   367.4   337.6   314.6   294.1   272.3   248.6   223.4   196.3   162.8
   109.1    50.0    12.8     0.0     0.0     0.0     0.0     0.0     0.0     0.0
     0.0     0.0     0.0     0.0     0.0     0.0     0.0     0.0     0.0     0.0
     0.0     0.0     0.0     0.0     0.0     0.0     0.0

Segment 22
     0.0   842.0   838.4   834.6   830.8   827.2   823.6   820.1   816.5   813.2
   809.8   806.5   803.3   800.0   796.8   793.5   790.2   786.9   783.6   780.2
   776.8   773.4   770.0   766.6   763.1   759.6   756.0   752.4   748.7   744.8
   740.9   736.8   732.8   728.8   724.8   720.7   716.6   712.5   708.2   703.9
   699.5   695.0   690.5   686.0   681.3   676.5   671.5   666.2   660.4   654.0
   647.1   640.4   634.2   627.9   621.2   614.1   606.4   598.0   588.2   573.5
   554.6   538.5   525.6   512.6   498.2   481.5   461.3   435.9   405.8   371.5
   342.8   326.3   316.4   309.3   302.8   296.6   290.5   284.6   278.7   272.6
   266.2   258.9   251.3   243.5   235.2   225.8   214.7   202.0   186.4   137.7
    58.1    13.3     5.0     0.0     0.0     0.0     0.0     0.0     0.0     0.0
     0.0     0.0     0.0     0.0     0.0     0.0     0.0     0.0     0.0     0.0
     0.0     0.0     0.0     0.0     0.0     0.0     0.0

Segment 23
     0.0   562.2   558.6   554.6   550.9   547.4   543.9   540.3   536.9   533.4
   529.9   526.6   523.3   520.1   517.0   513.9   510.9   507.9   504.8   501.8
   498.8   495.9   492.9   490.0   487.1   484.3   481.5   478.7   475.8   472.9
   470.0   467.0   464.0   461.1   458.0   455.0   451.9   448.9   445.8   442.7
   439.5   436.4   433.4   430.3   427.2   424.1   420.9   417.9   414.7   411.6
   408.3   405.0   401.7   398.3   394.8   391.1   387.4   383.5   379.6   375.5
   371.4   367.2   362.9   358.7   354.4   350.0   345.6   341.1   336.6   332.0
   327.3   322.5   317.6   312.6   307.6   302.5   297.3   292.0   286.6   281.0
   275.3   269.5   263.7   257.7   251.5   244.9   237.9   230.2   221.1   197.2
   172.1   158.3   141.9   126.0   112.3    99.8    86.8    71.1    52.9    35.6
    22.3    10.4     0.0     0.0     0.0     0.0     0.0     0.0     0.0     0.0
     0.0     0.0     0.0     0.0     0.0     0.0     0.0

Segment 24
     0.0   530.9   527.6   524.0   520.5   516.9   513.2   509.6   506.1   502.5
   498.8   495.2   491.8   488.4   485.2   481.9   478.7   475.5   472.2   469.0
   465.7   462.5   459.3   456.2   453.0   449.9   446.9   443.8   440.7   437.7
   434.6   431.6   428.6   425.6   422.7   419.7   416.7   413.7   410.6   407.6
   404.5   401.4   398.3   395.1   391.9   388.8   385.6   382.3   379.1   375.7
   372.4   369.0   365.6   362.1   358.5   354.9   351.1   347.4   343.5   339.5
   335.5   331.4   327.4   323.3   319.2   315.0   310.7   306.3   301.8   297.0
   291.9   286.7   281.2   275.5   269.6   263.4   256.8   249.8   242.4   234.6
   226.5   218.8   211.2   203.7   195.8   187.7   179.1   169.8   159.2   145.8
   129.0   109.5    85.5    59.7    37.5    21.2     9.5     0.0     0.0     0.0
     0.0     0.0     0.0     0.0     0.0     0.0     0.0     0.0     0.0     0.0
     0.0     0.0     0.0     0.0     0.0     0.0     0.0

Segment 25
     0.0   656.9   653.4   649.6   645.9   642.2   638.6   635.0   631.6   628.1
   624.7   621.3   618.0   614.6   611.3   607.9   604.5   601.0   597.5   593.9
   590.2   586.4   582.7   578.9   575.0   571.0   567.0   562.9   558.8   554.6
   550.4   546.1   541.9   537.6   533.4   529.1   524.7   520.4   515.9   511.3
   506.6   501.8   497.0   492.1   487.2   482.1   477.0   471.9   466.7   461.4
   456.1   450.9   445.8   440.7   435.7   430.7   425.7   420.6   415.4   410.1
   404.8   399.5   394.2   388.9   383.5   378.2   372.9   367.4   361.9   356.1
   350.2   344.3   338.3   332.2   325.9   319.6   313.0   306.2   299.1   291.2
   282.4   273.6   265.1   256.3   247.1   237.2   226.8   215.8   203.4   186.8
   167.2   149.1   131.7   112.5    89.5    63.2    39.9    22.2    10.0     5.0
     0.0     0.0     0.0     0.0     0.0     0.0     0.0     0.0     0.0     0.0
     0.0     0.0     0.0     0.0     0.0     0.0     0.0

Segment 26
     0.0   692.7   687.7   682.8   678.0   673.4   668.8   664.3   659.9   655.5
   651.1   646.7   642.2   637.9   633.4   629.0   624.5   620.0   615.2   609.5
   603.7   598.9   594.3   589.9   585.5   581.0   576.2   571.4   566.4   561.1
   555.9   550.8   545.9   541.1   536.3   531.5   526.7   521.7   516.6   511.5
   506.2   501.0   495.9   490.8   485.6   480.3   474.8   469.3   463.8   458.2
   452.6   446.9   441.2   435.8   430.5   425.3   419.4   413.3   407.7   402.1
   396.6   391.4   386.5   381.7   376.9   371.7   366.8   362.3   357.7   353.0
   347.9   342.6   337.1   331.2   325.1   318.7   311.8   304.3   296.5   287.7
   278.6   270.8   263.8   256.7   249.4   241.8   233.7   225.1   216.0   205.7
   193.4   180.7   168.4   156.1   143.5   130.5   116.6   100.8    79.5    55.3
    35.3    16.3     0.0     0.0     0.0     0.0     0.0     0.0     0.0     0.0
     0.0     0.0     0.0     0.0     0.0     0.0     0.0

Segment 27
     0.0   660.9   660.1   659.0   657.5   655.7   653.8   651.8   649.6   647.5
   645.3   643.0   640.6   638.1   635.3   632.4   629.1   625.3   620.8   615.3
   610.3   606.6   603.3   600.2   597.2   594.2   591.1   588.0   584.6   580.9
   577.2   573.7   570.2   566.5   562.7   558.3   553.3   548.3   543.2   537.6
   531.1   524.3   517.7   508.5   499.5   493.4   487.7   482.2   476.9   471.5
   463.4   454.4   447.8   441.8   435.9   430.9   427.4   424.0   420.6   417.2
   413.8   410.3   406.8   403.2   399.5   395.5   391.3   386.4   380.6   374.7
   369.0   360.4   350.0   342.8   337.7   331.9   325.0   317.9   311.0   303.5
   295.7   288.0   280.2   267.3   254.8   247.7   240.3   232.7   224.6   215.8
   204.8   191.9   180.8   171.4   162.1   152.6   142.8   132.2   120.2   106.1
    87.4    68.2    50.1    31.8    16.1     5.7     0.0     0.0     0.0     0.0
     0.0     0.0     0.0     0.0     0.0     0.0     0.0

Segment 28
     0.0   704.2   698.2   692.5   687.1   681.7   676.4   671.0   665.6   660.1
   654.5   648.9   643.3   637.5   631.7   625.8   619.9   614.0   607.8   601.5
   595.1   588.8   582.8   576.9   571.1   565.4   559.6   553.8   547.9   541.8
   535.6   529.4   523.3   517.3   511.4   505.4   499.4   493.2   486.9   480.2
   472.8   465.1   457.6   450.2   443.1   434.0   425.1   416.6   408.5   402.6
   397.4   392.5   387.9   383.5   379.3   375.2   371.1   367.1   363.1   359.1
   355.2   351.3   347.5   343.8   340.0   336.3   332.6   328.8   325.1   321.2
   317.3   313.3   309.2   305.2   301.0   296.7   292.2   287.6   282.7   277.4
   271.8   265.9   259.8   253.4   246.8   239.9   232.7   225.2   217.4   208.8
   199.3   189.6   180.2   171.0   161.8   152.4   142.7   132.3   120.7   104.4
    71.1    30.5     8.7     5.0     0.0     0.0     0.0     0.0     0.0     0.0
     0.0     0.0     0.0     0.0     0.0     0.0     0.0

Segment 29
     0.0   578.6   573.3   568.2   563.1   557.9   552.9   547.7   542.5   537.1
   531.6   526.1   520.7   515.4   510.1   504.8   499.5   494.2   489.1   483.9
   478.9   474.0   469.2   464.6   460.0   455.5   451.0   446.6   442.1   437.7
   433.3   429.0   424.8   420.6   416.4   412.3   408.2   404.1   400.0   395.9
   391.8   387.7   383.6   379.6   375.5   371.4   367.3   363.2   359.2   355.1
   351.1   347.1   343.2   339.3   335.4   331.5   327.8   324.0   320.3   316.5
   312.8   309.2   305.6   302.0   298.4   294.8   291.2   287.4   283.7   279.8
   275.9   271.9   267.9   263.7   259.5   255.2   250.7   246.1   241.3   236.3
   231.1   225.8   220.3   214.7   208.9   202.8   196.5   190.1   183.5   176.7
   169.7   162.6   155.6   148.4   141.1   133.5   125.5   116.8   107.2    95.9
    81.6    62.7    40.6    20.5     7.1     0.0     0.0     0.0     0.0     0.0
     0.0     0.0     0.0     0.0     0.0     0.0     0.0

Segment 30
     0.0   446.0   440.7   435.6   430.8   426.2   421.6   417.1   412.6   408.1
   403.6   399.1   394.7   390.4   386.2   382.0   377.9   374.0   370.1   366.3
   362.6   358.9   355.4   351.9   348.5   345.2   341.9   338.7   335.5   332.3
   329.2   326.2   323.2   320.3   317.4   314.6   311.7   308.9   306.1   303.3
   300.5   297.7   294.9   292.1   289.4   286.6   283.8   281.0   278.1   275.3
   272.4   269.5   266.6   263.7   260.8   257.9   255.0   252.1   249.2   246.3
   243.4   240.5   237.6   234.7   231.8   228.9   226.1   223.1   220.2   217.1
   214.1   211.0   207.8   204.6   201.4   198.1   194.8   191.4   188.0   184.6
   181.0   177.4   173.7   170.0   166.2   162.4   158.5   154.4   150.2   145.8
   141.3   136.7   132.0   127.2   122.3   117.2   111.8   106.0    99.8    93.0
    85.5    77.5    68.8    59.2    47.8    32.5    15.7     5.0     0.0     0.0
     0.0     0.0     0.0     0.0     0.0     0.0     0.0

Segment 31
     0.0   405.8   402.2   398.6   394.7   390.9   387.4   384.0   380.6   377.1
   373.9   370.8   367.7   364.6   361.6   358.6   355.7   352.8   349.9   347.0
   344.1   341.3   338.5   335.7   332.9   330.1   327.4   324.6   321.8   319.1
   316.3   313.6   310.8   308.1   305.3   302.6   299.9   297.2   294.4   291.7
   288.9   286.1   283.4   280.7   277.9   275.2   272.4   269.6   266.8   263.9
   261.0   258.1   255.2   252.3   249.3   246.4   243.6   240.7   237.8   235.0
   232.2   229.4   226.7   224.0   221.3   218.7   216.1   213.4   210.8   208.1
   205.4   202.7   200.0   197.3   194.5   191.7   188.9   186.1   183.2   180.3
   177.3   174.3   171.3   168.2   165.1   161.9   158.7   155.3   151.9   148.2
   144.5   140.6   136.6   132.4   128.0   123.5   118.7   113.6   108.2   102.0
    93.3    80.7    67.8    56.1    44.1    29.8    13.5     5.0     0.0     0.0
     0.0     0.0     0.0     0.0     0.0     0.0     0.0

Segment 32
     0.0   427.0   424.0   420.8   417.5   414.1   410.8   407.5   404.2   400.9
   397.5   394.2   390.9   387.6   384.4   381.1   378.0   374.9   371.9   369.0
   366.1   363.3   360.7   358.1   355.5   353.0   350.5   348.0   345.6   343.2
   340.9   338.5   336.2   333.9   331.5   329.1   326.8   324.4   321.9   319.4
   316.8   314.1   311.2   308.1   304.9   301.9   297.7   292.8   288.3   284.7
   281.9   279.2   276.5   272.8   268.7   265.0   260.9   257.3   254.6   252.0
   249.3   246.6   243.8   240.4   236.5   232.7   229.5   226.7   223.8   220.9
   218.0   215.0   211.9   208.6   205.3   201.9   198.3   194.5   189.9   184.8
   180.0   175.6   171.5   167.3   162.9   158.5   154.1   149.9   145.6   140.8
   135.6   130.6   126.2   121.3   115.8   110.4   103.9    96.7    89.5    81.0
    71.4    60.5    49.5    38.6    28.7    19.1     9.2     0.0     0.0     0.0
     0.0     0.0     0.0     0.0     0.0     0.0     0.0

Segment 33
     0.0   533.7   525.9   518.7   510.1   498.7   488.7   481.4   473.6   466.4
   461.0   456.1   451.4   446.7   442.2   437.9   432.8   427.7   423.3   418.9
   414.7   411.0   407.5   404.2   400.9   397.8   394.6   391.5   388.3   385.2
   381.9   378.7   375.5   372.2   368.9   363.8   357.4   351.4   346.2   342.3
   338.7   335.1   331.5   327.6   323.8   320.0   316.4   312.9   309.6   306.3
   302.8   299.3   295.9   292.5   289.2   286.0   282.8   279.6   276.5   273.4
   270.3   267.2   264.1   260.9   257.7   253.8   249.6   245.5   241.5   237.5
   233.8   230.4   227.0   223.5   220.0   216.3   212.6   208.8   204.9   201.0
   197.1   193.1   189.1   185.2   181.3   175.6   169.1   163.2   156.4   148.5
   142.2   137.8   133.4   128.8   124.2   119.4   114.3   109.1   102.2    91.1
    77.7    63.2    47.7    32.2    20.3    13.0     6.7     5.0     0.0     0.0
     0.0     0.0     0.0     0.0     0.0     0.0     0.0

Segment 34
     0.0   533.0   528.0   523.0   517.0   512.5   507.7   502.7   497.6   492.2
   486.8   481.8   477.1   472.4   467.4   462.5   457.2   451.7   446.7   441.6
   436.7   432.3   428.1   424.1   420.2   416.3   412.5   408.8   405.2   401.7
   398.1   394.6   391.2   387.8   384.3   380.8   377.1   373.5   369.9   366.3
   362.7   359.1   355.6   352.2   348.7   345.1   341.4   337.4   333.5   329.4
   324.9   320.3   314.1   306.7   300.6   295.9   291.6   287.2   282.6   277.9
   273.1   268.6   263.7   258.6   253.9   249.0   243.9   238.9   233.9   228.3
   221.9   215.7   209.3   201.6   193.6   185.5   178.8   173.9   169.2   165.3
   161.9   158.6   155.4   152.2   149.0   144.2   138.4   133.3   127.5   120.5
   115.2   111.7   108.2   104.6   100.4    94.7    88.3    82.8    77.6    72.5
    68.1    63.2    57.6    51.0    42.3    31.1    18.5     9.1     5.0     0.0
     0.0     0.0     0.0     0.0     0.0     0.0     0.0

Segment 35
     0.0     0.0     0.0     0.0     0.0     0.0     0.0     0.0     0.0     0.0
     0.0     0.0     0.0     0.0     0.0     0.0     0.0     0.0     0.0     0.0
     0.0     0.0     0.0     0.0     0.0     0.0     0.0     0.0     0.0     0.0
     0.0     0.0     0.0     0.0     0.0     0.0     0.0     0.0     0.0     0.0
     0.0     0.0     0.0     0.0     0.0     0.0     0.0     0.0     0.0     0.0
     0.0     0.0     0.0     0.0     0.0     0.0     0.0     0.0     0.0     0.0
     0.0     0.0     0.0     0.0     0.0     0.0     0.0     0.0     0.0     0.0
     0.0     0.0     0.0     0.0     0.0     0.0     0.0     0.0     0.0     0.0
     0.0     0.0     0.0     0.0     0.0     0.0     0.0     0.0     0.0     0.0
     0.0     0.0     0.0     0.0     0.0     0.0     0.0     0.0     0.0     0.0
     0.0     0.0     0.0     0.0     0.0     0.0     0.0     0.0     0.0     0.0
     0.0     0.0     0.0     0.0     0.0     0.0     0.0

Segment 36
     0.0     0.0     0.0     0.0     0.0     0.0     0.0     0.0     0.0     0.0
     0.0     0.0     0.0     0.0     0.0     0.0     0.0     0.0     0.0     0.0
     0.0     0.0     0.0     0.0     0.0     0.0     0.0     0.0     0.0     0.0
     0.0     0.0     0.0     0.0     0.0     0.0     0.0     0.0     0.0     0.0
     0.0     0.0     0.0     0.0     0.0     0.0     0.0     0.0     0.0     0.0
     0.0     0.0     0.0     0.0     0.0     0.0     0.0     0.0     0.0     0.0
     0.0     0.0     0.0     0.0     0.0     0.0     0.0     0.0     0.0     0.0
     0.0     0.0     0.0     0.0     0.0     0.0     0.0     0.0     0.0     0.0
     0.0     0.0     0.0     0.0     0.0     0.0     0.0     0.0     0.0     0.0
     0.0     0.0     0.0     0.0     0.0     0.0     0.0     0.0     0.0     0.0
     0.0     0.0     0.0     0.0     0.0     0.0     0.0     0.0     0.0     0.0
     0.0     0.0     0.0     0.0     0.0     0.0     0.0

Segment 37
     0.0   137.9   127.1   116.6   106.3    96.0    85.3    74.0    61.5    46.1
    24.9     8.7     5.0     0.0     0.0     0.0     0.0     0.0     0.0     0.0
     0.0     0.0     0.0     0.0     0.0     0.0     0.0     0.0     0.0     0.0
     0.0     0.0     0.0     0.0     0.0     0.0     0.0     0.0     0.0     0.0
     0.0     0.0     0.0     0.0     0.0     0.0     0.0     0.0     0.0     0.0
     0.0     0.0     0.0     0.0     0.0     0.0     0.0     0.0     0.0     0.0
     0.0     0.0     0.0     0.0     0.0     0.0     0.0     0.0     0.0     0.0
     0.0     0.0     0.0     0.0     0.0     0.0     0.0     0.0     0.0     0.0
     0.0     0.0     0.0     0.0     0.0     0.0     0.0     0.0     0.0     0.0
     0.0     0.0     0.0     0.0     0.0     0.0     0.0     0.0     0.0     0.0
     0.0     0.0     0.0     0.0     0.0     0.0     0.0     0.0     0.0     0.0
     0.0     0.0     0.0     0.0     0.0     0.0     0.0

Segment 38
     0.0    97.8    93.2    88.4    83.7    79.3    74.8    70.0    64.8    58.9
    52.0    42.9    30.5    14.3     5.0     0.0     0.0     0.0     0.0     0.0
     0.0     0.0     0.0     0.0     0.0     0.0     0.0     0.0     0.0     0.0
     0.0     0.0     0.0     0.0     0.0     0.0     0.0     0.0     0.0     0.0
     0.0     0.0     0.0     0.0     0.0     0.0     0.0     0.0     0.0     0.0
     0.0     0.0     0.0     0.0     0.0     0.0     0.0     0.0     0.0     0.0
     0.0     0.0     0.0     0.0     0.0     0.0     0.0     0.0     0.0     0.0
     0.0     0.0     0.0     0.0     0.0     0.0     0.0     0.0     0.0     0.0
     0.0     0.0     0.0     0.0     0.0     0.0     0.0     0.0     0.0     0.0
     0.0     0.0     0.0     0.0     0.0     0.0     0.0     0.0     0.0     0.0
     0.0     0.0     0.0     0.0     0.0     0.0     0.0     0.0     0.0     0.0
     0.0     0.0     0.0     0.0     0.0     0.0     0.0

Segment 39
     0.0   196.3   174.3   161.4   157.2   149.2   143.3   136.8   128.1   118.3
   107.9    93.2    71.0    44.8    26.8    21.0    19.5    17.6    15.4    10.3
     5.0     0.0     0.0     0.0     0.0     0.0     0.0     0.0     0.0     0.0
     0.0     0.0     0.0     0.0     0.0     0.0     0.0     0.0     0.0     0.0
     0.0     0.0     0.0     0.0     0.0     0.0     0.0     0.0     0.0     0.0
     0.0     0.0     0.0     0.0     0.0     0.0     0.0     0.0     0.0     0.0
     0.0     0.0     0.0     0.0     0.0     0.0     0.0     0.0     0.0     0.0
     0.0     0.0     0.0     0.0     0.0     0.0     0.0     0.0     0.0     0.0
     0.0     0.0     0.0     0.0     0.0     0.0     0.0     0.0     0.0     0.0
     0.0     0.0     0.0     0.0     0.0     0.0     0.0     0.0     0.0     0.0
     0.0     0.0     0.0     0.0     0.0     0.0     0.0     0.0     0.0     0.0
     0.0     0.0     0.0     0.0     0.0     0.0     0.0

Segment 40
     0.0   278.8   269.6   260.5   251.6   242.9   234.2   225.3   216.0   206.4
   195.3   183.9   173.9   164.3   155.0   145.7   136.2   126.0   114.9   101.2
    81.0    50.9    20.2     5.0     0.0     0.0     0.0     0.0     0.0     0.0
     0.0     0.0     0.0     0.0     0.0     0.0     0.0     0.0     0.0     0.0
     0.0     0.0     0.0     0.0     0.0     0.0     0.0     0.0     0.0     0.0
     0.0     0.0     0.0     0.0     0.0     0.0     0.0     0.0     0.0     0.0
     0.0     0.0     0.0     0.0     0.0     0.0     0.0     0.0     0.0     0.0
     0.0     0.0     0.0     0.0     0.0     0.0     0.0     0.0     0.0     0.0
     0.0     0.0     0.0     0.0     0.0     0.0     0.0     0.0     0.0     0.0
     0.0     0.0     0.0     0.0     0.0     0.0     0.0     0.0     0.0     0.0
     0.0     0.0     0.0     0.0     0.0     0.0     0.0     0.0     0.0     0.0
     0.0     0.0     0.0     0.0     0.0     0.0     0.0

Segment 41
     0.0   356.9   345.2   334.0   323.1   312.5   302.2   291.9   281.0   269.1
   256.6   244.6   233.6   223.0   212.7   202.4   191.9   180.9   169.0   154.8
   136.1   114.1    91.0    67.0    46.5    29.9    14.2     5.0     0.0     0.0
     0.0     0.0     0.0     0.0     0.0     0.0     0.0     0.0     0.0     0.0
     0.0     0.0     0.0     0.0     0.0     0.0     0.0     0.0     0.0     0.0
     0.0     0.0     0.0     0.0     0.0     0.0     0.0     0.0     0.0     0.0
     0.0     0.0     0.0     0.0     0.0     0.0     0.0     0.0     0.0     0.0
     0.0     0.0     0.0     0.0     0.0     0.0     0.0     0.0     0.0     0.0
     0.0     0.0     0.0     0.0     0.0     0.0     0.0     0.0     0.0     0.0
     0.0     0.0     0.0     0.0     0.0     0.0     0.0     0.0     0.0     0.0
     0.0     0.0     0.0     0.0     0.0     0.0     0.0     0.0     0.0     0.0
     0.0     0.0     0.0     0.0     0.0     0.0     0.0

Segment 42
     0.0   826.7   781.4   743.3   710.7   681.3   653.4   626.0   598.1   554.5
   500.7   461.6   438.4   421.9   406.4   391.1   375.6   358.5   340.2   320.3
   294.4   266.8   243.3   221.1   198.3   172.7   143.9   110.3    75.5    41.9
    12.2     0.0     0.0     0.0     0.0     0.0     0.0     0.0     0.0     0.0
     0.0     0.0     0.0     0.0     0.0     0.0     0.0     0.0     0.0     0.0
     0.0     0.0     0.0     0.0     0.0     0.0     0.0     0.0     0.0     0.0
     0.0     0.0     0.0     0.0     0.0     0.0     0.0     0.0     0.0     0.0
     0.0     0.0     0.0     0.0     0.0     0.0     0.0     0.0     0.0     0.0
     0.0     0.0     0.0     0.0     0.0     0.0     0.0     0.0     0.0     0.0
     0.0     0.0     0.0     0.0     0.0     0.0     0.0     0.0     0.0     0.0
     0.0     0.0     0.0     0.0     0.0     0.0     0.0     0.0     0.0     0.0
     0.0     0.0     0.0     0.0     0.0     0.0     0.0

Segment 43
     0.0   668.0   659.9   650.9   641.7   631.6   620.2   607.3   590.6   565.7
   539.1   515.8   491.2   468.7   451.0   436.3   422.5   408.0   392.1   373.6
   354.7   338.5   324.0   309.8   295.6   280.7   264.6   246.1   222.1   178.8
   105.6    41.4    10.5     0.0     0.0     0.0     0.0     0.0     0.0     0.0
     0.0     0.0     0.0     0.0     0.0     0.0     0.0     0.0     0.0     0.0
     0.0     0.0     0.0     0.0     0.0     0.0     0.0     0.0     0.0     0.0
     0.0     0.0     0.0     0.0     0.0     0.0     0.0     0.0     0.0     0.0
     0.0     0.0     0.0     0.0     0.0     0.0     0.0     0.0     0.0     0.0
     0.0     0.0     0.0     0.0     0.0     0.0     0.0     0.0     0.0     0.0
     0.0     0.0     0.0     0.0     0.0     0.0     0.0     0.0     0.0     0.0
     0.0     0.0     0.0     0.0     0.0     0.0     0.0     0.0     0.0     0.0
     0.0     0.0     0.0     0.0     0.0     0.0     0.0

Segment 44
     0.0   838.8   821.3   808.4   796.8   785.7   773.5   760.0   744.4   724.2
   697.8   669.4   643.3   616.7   589.0   560.7   529.9   496.8   463.1   429.6
   398.8   374.9   356.4   339.1   322.6   306.8   291.1   275.2   258.2   238.5
   213.1   181.8   144.3   103.8    68.2    38.8    16.5     5.0     0.0     0.0
     0.0     0.0     0.0     0.0     0.0     0.0     0.0     0.0     0.0     0.0
     0.0     0.0     0.0     0.0     0.0     0.0     0.0     0.0     0.0     0.0
     0.0     0.0     0.0     0.0     0.0     0.0     0.0     0.0     0.0     0.0
     0.0     0.0     0.0     0.0     0.0     0.0     0.0     0.0     0.0     0.0
     0.0     0.0     0.0     0.0     0.0     0.0     0.0     0.0     0.0     0.0
     0.0     0.0     0.0     0.0     0.0     0.0     0.0     0.0     0.0     0.0
     0.0     0.0     0.0     0.0     0.0     0.0     0.0     0.0     0.0     0.0
     0.0     0.0     0.0     0.0     0.0     0.0     0.0

Segment 45
     0.0   855.8   832.9   815.4   799.3   784.0   769.0   753.7   737.5   718.5
   695.5   672.2   651.1   630.3   609.3   588.2   566.9   545.3   522.3   496.9
   473.4   454.8   438.7   423.8   410.2   397.6   385.6   373.5   360.9   347.2
   332.5   317.8   303.4   288.8   273.7   257.7   238.9   214.9   189.3   142.1
    88.9    63.5    48.7    37.5    27.6    14.7     5.0     0.0     0.0     0.0
     0.0     0.0     0.0     0.0     0.0     0.0     0.0     0.0     0.0     0.0
     0.0     0.0     0.0     0.0     0.0     0.0     0.0     0.0     0.0     0.0
     0.0     0.0     0.0     0.0     0.0     0.0     0.0     0.0     0.0     0.0
     0.0     0.0     0.0     0.0     0.0     0.0     0.0     0.0     0.0     0.0
     0.0     0.0     0.0     0.0     0.0     0.0     0.0     0.0     0.0     0.0
     0.0     0.0     0.0     0.0     0.0     0.0     0.0     0.0     0.0     0.0
     0.0     0.0     0.0     0.0     0.0     0.0     0.0

Segment 46
     0.0   784.0   758.4   735.6   716.0   694.3   674.6   659.2   644.4   625.5
   603.0   581.4   560.7   540.5   520.6   501.0   481.4   462.1   443.6   426.1
   410.8   398.6   388.5   379.1   370.1   361.3   352.5   343.5   334.1   323.1
   312.2   303.1   292.7   281.1   271.5   263.5   255.2   246.5   236.8   224.5
   209.9   195.0   180.0   164.2   146.6   126.1   100.8    73.6    49.0    26.5
     8.6     0.0     0.0     0.0     0.0     0.0     0.0     0.0     0.0     0.0
     0.0     0.0     0.0     0.0     0.0     0.0     0.0     0.0     0.0     0.0
     0.0     0.0     0.0     0.0     0.0     0.0     0.0     0.0     0.0     0.0
     0.0     0.0     0.0     0.0     0.0     0.0     0.0     0.0     0.0     0.0
     0.0     0.0     0.0     0.0     0.0     0.0     0.0     0.0     0.0     0.0
     0.0     0.0     0.0     0.0     0.0     0.0     0.0     0.0     0.0     0.0
     0.0     0.0     0.0     0.0     0.0     0.0     0.0

Segment 47
     0.0  1048.6  1031.8  1017.3  1003.5   990.1   973.6   954.9   940.2   924.5
   906.5   889.5   868.9   847.4   828.9   809.8   788.1   764.4   741.8   718.5
   693.7   673.8   658.9   643.9   629.1   615.2   601.5   585.1   568.3   551.8
   535.5   521.7   508.1   494.6   481.7   468.6   454.7   439.7   423.7   405.9
   386.7   368.4   352.2   337.2   322.6   307.9   292.7   276.0   256.4   233.7
   208.4   186.6   169.4   151.7   132.9   111.1    88.1    62.8    32.1     7.7
     0.0     0.0     0.0     0.0     0.0     0.0     0.0     0.0     0.0     0.0
     0.0     0.0     0.0     0.0     0.0     0.0     0.0     0.0     0.0     0.0
     0.0     0.0     0.0     0.0     0.0     0.0     0.0     0.0     0.0     0.0
     0.0     0.0     0.0     0.0     0.0     0.0     0.0     0.0     0.0     0.0
     0.0     0.0     0.0     0.0     0.0     0.0     0.0     0.0     0.0     0.0
     0.0     0.0     0.0     0.0     0.0     0.0     0.0

Segment 48
     0.0     0.0     0.0     0.0     0.0     0.0     0.0     0.0     0.0     0.0
     0.0     0.0     0.0     0.0     0.0     0.0     0.0     0.0     0.0     0.0
     0.0     0.0     0.0     0.0     0.0     0.0     0.0     0.0     0.0     0.0
     0.0     0.0     0.0     0.0     0.0     0.0     0.0     0.0     0.0     0.0
     0.0     0.0     0.0     0.0     0.0     0.0     0.0     0.0     0.0     0.0
     0.0     0.0     0.0     0.0     0.0     0.0     0.0     0.0     0.0     0.0
     0.0     0.0     0.0     0.0     0.0     0.0     0.0     0.0     0.0     0.0
     0.0     0.0     0.0     0.0     0.0     0.0     0.0     0.0     0.0     0.0
     0.0     0.0     0.0     0.0     0.0     0.0     0.0     0.0     0.0     0.0
     0.0     0.0     0.0     0.0     0.0     0.0     0.0     0.0     0.0     0.0
     0.0     0.0     0.0     0.0     0.0     0.0     0.0     0.0     0.0     0.0
     0.0     0.0     0.0     0.0     0.0     0.0     0.0

Segment 49
     0.0     0.0     0.0     0.0     0.0     0.0     0.0     0.0     0.0     0.0
     0.0     0.0     0.0     0.0     0.0     0.0     0.0     0.0     0.0     0.0
     0.0     0.0     0.0     0.0     0.0     0.0     0.0     0.0     0.0     0.0
     0.0     0.0     0.0     0.0     0.0     0.0     0.0     0.0     0.0     0.0
     0.0     0.0     0.0     0.0     0.0     0.0     0.0     0.0     0.0     0.0
     0.0     0.0     0.0     0.0     0.0     0.0     0.0     0.0     0.0     0.0
     0.0     0.0     0.0     0.0     0.0     0.0     0.0     0.0     0.0     0.0
     0.0     0.0     0.0     0.0     0.0     0.0     0.0     0.0     0.0     0.0
     0.0     0.0     0.0     0.0     0.0     0.0     0.0     0.0     0.0     0.0
     0.0     0.0     0.0     0.0     0.0     0.0     0.0     0.0     0.0     0.0
     0.0     0.0     0.0     0.0     0.0     0.0     0.0     0.0     0.0     0.0
     0.0     0.0     0.0     0.0     0.0     0.0     0.0

Segment 50
     0.0    58.9    53.0    46.7    40.9    36.5    31.9    27.4    23.1    17.0
     9.6     5.0     0.0     0.0     0.0     0.0     0.0     0.0     0.0     0.0
     0.0     0.0     0.0     0.0     0.0     0.0     0.0     0.0     0.0     0.0
     0.0     0.0     0.0     0.0     0.0     0.0     0.0     0.0     0.0     0.0
     0.0     0.0     0.0     0.0     0.0     0.0     0.0     0.0     0.0     0.0
     0.0     0.0     0.0     0.0     0.0     0.0     0.0     0.0     0.0     0.0
     0.0     0.0     0.0     0.0     0.0     0.0     0.0     0.0     0.0     0.0
     0.0     0.0     0.0     0.0     0.0     0.0     0.0     0.0     0.0     0.0
     0.0     0.0     0.0     0.0     0.0     0.0     0.0     0.0     0.0     0.0
     0.0     0.0     0.0     0.0     0.0     0.0     0.0     0.0     0.0     0.0
     0.0     0.0     0.0     0.0     0.0     0.0     0.0     0.0     0.0     0.0
     0.0     0.0     0.0     0.0     0.0     0.0     0.0

Segment 51
     0.0   182.5   176.2   169.1   160.2   151.7   145.3   140.0   134.8   129.5
   123.9   117.8   109.8   100.5    92.8    86.3    79.5    72.5    63.0    51.6
    40.6    29.3    19.8    11.6     5.0     0.0     0.0     0.0     0.0     0.0
     0.0     0.0     0.0     0.0     0.0     0.0     0.0     0.0     0.0     0.0
     0.0     0.0     0.0     0.0     0.0     0.0     0.0     0.0     0.0     0.0
     0.0     0.0     0.0     0.0     0.0     0.0     0.0     0.0     0.0     0.0
     0.0     0.0     0.0     0.0     0.0     0.0     0.0     0.0     0.0     0.0
     0.0     0.0     0.0     0.0     0.0     0.0     0.0     0.0     0.0     0.0
     0.0     0.0     0.0     0.0     0.0     0.0     0.0     0.0     0.0     0.0
     0.0     0.0     0.0     0.0     0.0     0.0     0.0     0.0     0.0     0.0
     0.0     0.0     0.0     0.0     0.0     0.0     0.0     0.0     0.0     0.0
     0.0     0.0     0.0     0.0     0.0     0.0     0.0

Segment 52
     0.0   365.0   358.0   351.0   344.0   337.0   330.0   323.0   314.0   304.1
   292.1   279.5   267.9   255.0   242.5   233.2   223.9   212.2   199.9   188.3
   174.5   160.4   147.0   128.9   111.0    95.5    77.5    60.8    46.1    25.4
    10.6     5.5     0.0     0.0     0.0     0.0     0.0     0.0     0.0     0.0
     0.0     0.0     0.0     0.0     0.0     0.0     0.0     0.0     0.0     0.0
     0.0     0.0     0.0     0.0     0.0     0.0     0.0     0.0     0.0     0.0
     0.0     0.0     0.0     0.0     0.0     0.0     0.0     0.0     0.0     0.0
     0.0     0.0     0.0     0.0     0.0     0.0     0.0     0.0     0.0     0.0
     0.0     0.0     0.0     0.0     0.0     0.0     0.0     0.0     0.0     0.0
     0.0     0.0     0.0     0.0     0.0     0.0     0.0     0.0     0.0     0.0
     0.0     0.0     0.0     0.0     0.0     0.0     0.0     0.0     0.0     0.0
     0.0     0.0     0.0     0.0     0.0     0.0     0.0

Segment 53
     0.0   527.0   520.0   514.0   508.4   497.4   487.1   478.0   470.0   460.8
   444.0   424.7   411.0   399.4   387.6   377.0   350.0   328.8   320.8   295.1
   267.6   252.9   242.5   227.0   213.0   203.4   192.2   180.8   171.2   161.4
   151.2   139.2   127.8   120.0   113.0   105.8    98.1    89.6    79.5    66.0
    46.8    26.2    11.6     5.0     0.0     0.0     0.0     0.0     0.0     0.0
     0.0     0.0     0.0     0.0     0.0     0.0     0.0     0.0     0.0     0.0
     0.0     0.0     0.0     0.0     0.0     0.0     0.0     0.0     0.0     0.0
     0.0     0.0     0.0     0.0     0.0     0.0     0.0     0.0     0.0     0.0
     0.0     0.0     0.0     0.0     0.0     0.0     0.0     0.0     0.0     0.0
     0.0     0.0     0.0     0.0     0.0     0.0     0.0     0.0     0.0     0.0
     0.0     0.0     0.0     0.0     0.0     0.0     0.0     0.0     0.0     0.0
     0.0     0.0     0.0     0.0     0.0     0.0     0.0

Segment 54
     0.0   297.6   293.4   289.1   285.1   281.2   277.4   273.6   269.8   266.0
   262.1   258.1   254.1   249.9   245.7   241.4   237.1   232.6   228.2   223.6
   219.1   214.4   209.7   205.1   200.4   195.7   190.9   185.9   180.7   175.3
   169.7   164.1   158.5   152.9   147.2   141.6   135.8   129.9   123.9   117.7
   111.2   104.6    97.7    90.3    82.2    75.0    68.7    61.1    53.2    45.0
    31.5    17.1     8.7     5.0     0.0     0.0     0.0     0.0     0.0     0.0
     0.0     0.0     0.0     0.0     0.0     0.0     0.0     0.0     0.0     0.0
     0.0     0.0     0.0     0.0     0.0     0.0     0.0     0.0     0.0     0.0
     0.0     0.0     0.0     0.0     0.0     0.0     0.0     0.0     0.0     0.0
     0.0     0.0     0.0     0.0     0.0     0.0     0.0     0.0     0.0     0.0
     0.0     0.0     0.0     0.0     0.0     0.0     0.0     0.0     0.0     0.0
     0.0     0.0     0.0     0.0     0.0     0.0     0.0

Segment 55
     0.0   311.5   305.8   300.4   295.4   290.6   285.8   281.1   276.2   271.4
   266.3   260.9   255.4   249.9   244.4   238.9   233.4   227.9   222.5   216.9
   211.2   205.6   200.5   195.7   190.9   186.1   181.5   176.8   172.3   167.8
   163.4   159.0   154.6   150.2   145.8   141.6   137.2   132.9   128.6   124.3
   119.8   114.6   109.0   103.8    98.2    91.6    84.4    77.0    67.3    54.3
    38.4    24.1    14.0     5.8     0.0     0.0     0.0     0.0     0.0     0.0
     0.0     0.0     0.0     0.0     0.0     0.0     0.0     0.0     0.0     0.0
     0.0     0.0     0.0     0.0     0.0     0.0     0.0     0.0     0.0     0.0
     0.0     0.0     0.0     0.0     0.0     0.0     0.0     0.0     0.0     0.0
     0.0     0.0     0.0     0.0     0.0     0.0     0.0     0.0     0.0     0.0
     0.0     0.0     0.0     0.0     0.0     0.0     0.0     0.0     0.0     0.0
     0.0     0.0     0.0     0.0     0.0     0.0     0.0

Segment 56
     0.0   366.4   361.3   356.2   351.2   346.2   341.3   336.4   331.6   326.8
   322.0   317.2   312.5   307.6   302.8   297.8   292.8   287.6   282.3   276.9
   271.4   265.9   260.4   254.9   249.4   243.9   238.4   232.8   227.1   221.2
   215.3   209.3   203.2   197.3   191.3   185.3   179.3   173.3   167.3   161.4
   155.6   149.8   144.2   138.7   133.2   127.8   122.2   116.7   110.9   104.8
    98.5    91.7    84.4    76.6    67.6    58.8    50.9    43.6    37.3    32.3
    28.3    25.4    23.5    21.6    19.6    17.5    15.3    12.8     9.7     5.8
     0.0     0.0     0.0     0.0     0.0     0.0     0.0     0.0     0.0     0.0
     0.0     0.0     0.0     0.0     0.0     0.0     0.0     0.0     0.0     0.0
     0.0     0.0     0.0     0.0     0.0     0.0     0.0     0.0     0.0     0.0
     0.0     0.0     0.0     0.0     0.0     0.0     0.0     0.0     0.0     0.0
     0.0     0.0     0.0     0.0     0.0     0.0     0.0

Segment 57
     0.0   451.9   446.3   440.7   435.1   429.4   424.0   418.8   413.7   408.6
   403.5   398.5   393.4   388.4   383.4   378.4   373.2   367.8   362.2   356.4
   350.4   344.2   338.1   332.2   326.3   320.4   314.5   308.4   302.2   296.0
   289.7   283.4   277.2   271.0   264.9   258.8   252.6   246.3   240.0   233.6
   227.1   220.6   214.2   207.9   201.7   195.5   189.2   182.9   176.5   170.0
   163.6   157.2   151.0   144.8   138.8   132.8   126.9   120.9   115.0   109.0
   103.0    97.1    91.3    85.7    80.1    74.5    68.7    62.5    55.3    46.3
    32.1    14.9     5.0     0.0     0.0     0.0     0.0     0.0     0.0     0.0
     0.0     0.0     0.0     0.0     0.0     0.0     0.0     0.0     0.0     0.0
     0.0     0.0     0.0     0.0     0.0     0.0     0.0     0.0     0.0     0.0
     0.0     0.0     0.0     0.0     0.0     0.0     0.0     0.0     0.0     0.0
     0.0     0.0     0.0     0.0     0.0     0.0     0.0

Segment 58
     0.0     0.0     0.0     0.0     0.0     0.0     0.0     0.0     0.0     0.0
     0.0     0.0     0.0     0.0     0.0     0.0     0.0     0.0     0.0     0.0
     0.0     0.0     0.0     0.0     0.0     0.0     0.0     0.0     0.0     0.0
     0.0     0.0     0.0     0.0     0.0     0.0     0.0     0.0     0.0     0.0
     0.0     0.0     0.0     0.0     0.0     0.0     0.0     0.0     0.0     0.0
     0.0     0.0     0.0     0.0     0.0     0.0     0.0     0.0     0.0     0.0
     0.0     0.0     0.0     0.0     0.0     0.0     0.0     0.0     0.0     0.0
     0.0     0.0     0.0     0.0     0.0     0.0     0.0     0.0     0.0     0.0
     0.0     0.0     0.0     0.0     0.0     0.0     0.0     0.0     0.0     0.0
     0.0     0.0     0.0     0.0     0.0     0.0     0.0     0.0     0.0     0.0
     0.0     0.0     0.0     0.0     0.0     0.0     0.0     0.0     0.0     0.0
     0.0     0.0     0.0     0.0     0.0     0.0     0.0

Segment 59
     0.0     0.0     0.0     0.0     0.0     0.0     0.0     0.0     0.0     0.0
     0.0     0.0     0.0     0.0     0.0     0.0     0.0     0.0     0.0     0.0
     0.0     0.0     0.0     0.0     0.0     0.0     0.0     0.0     0.0     0.0
     0.0     0.0     0.0     0.0     0.0     0.0     0.0     0.0     0.0     0.0
     0.0     0.0     0.0     0.0     0.0     0.0     0.0     0.0     0.0     0.0
     0.0     0.0     0.0     0.0     0.0     0.0     0.0     0.0     0.0     0.0
     0.0     0.0     0.0     0.0     0.0     0.0     0.0     0.0     0.0     0.0
     0.0     0.0     0.0     0.0     0.0     0.0     0.0     0.0     0.0     0.0
     0.0     0.0     0.0     0.0     0.0     0.0     0.0     0.0     0.0     0.0
     0.0     0.0     0.0     0.0     0.0     0.0     0.0     0.0     0.0     0.0
     0.0     0.0     0.0     0.0     0.0     0.0     0.0     0.0     0.0     0.0
     0.0     0.0     0.0     0.0     0.0     0.0     0.0

Segment 60
     0.0   101.4    97.7    93.9    90.0    86.1    82.4    78.8    75.0    71.2
    67.3    62.9    58.9    55.6    52.0    47.9    43.8    40.3    36.9    32.9
    29.4    26.1    22.6    19.1    15.5    12.3     9.0     5.8     5.0     0.0
     0.0     0.0     0.0     0.0     0.0     0.0     0.0     0.0     0.0     0.0
     0.0     0.0     0.0     0.0     0.0     0.0     0.0     0.0     0.0     0.0
     0.0     0.0     0.0     0.0     0.0     0.0     0.0     0.0     0.0     0.0
     0.0     0.0     0.0     0.0     0.0     0.0     0.0     0.0     0.0     0.0
     0.0     0.0     0.0     0.0     0.0     0.0     0.0     0.0     0.0     0.0
     0.0     0.0     0.0     0.0     0.0     0.0     0.0     0.0     0.0     0.0
     0.0     0.0     0.0     0.0     0.0     0.0     0.0     0.0     0.0     0.0
     0.0     0.0     0.0     0.0     0.0     0.0     0.0     0.0     0.0     0.0
     0.0     0.0     0.0     0.0     0.0     0.0     0.0

Segment 61
     0.0   168.2   164.6   160.8   157.1   153.7   150.3   147.0   143.8   140.6
   137.5   134.4   131.4   128.4   125.4   122.4   119.5   116.5   113.5   110.5
   107.6   104.7   101.7    98.8    95.8    92.8    89.7    86.7    83.5    80.1
    76.1    71.8    68.2    65.2    62.1    58.8    55.3    51.6    47.1    41.0
    33.6    27.9    24.6    22.1    19.3    15.9    12.0     8.3     5.0     0.0
     0.0     0.0     0.0     0.0     0.0     0.0     0.0     0.0     0.0     0.0
     0.0     0.0     0.0     0.0     0.0     0.0     0.0     0.0     0.0     0.0
     0.0     0.0     0.0     0.0     0.0     0.0     0.0     0.0     0.0     0.0
     0.0     0.0     0.0     0.0     0.0     0.0     0.0     0.0     0.0     0.0
     0.0     0.0     0.0     0.0     0.0     0.0     0.0     0.0     0.0     0.0
     0.0     0.0     0.0     0.0     0.0     0.0     0.0     0.0     0.0     0.0
     0.0     0.0     0.0     0.0     0.0     0.0     0.0

Segment 62
     0.0   214.5   210.8   207.1   203.3   199.6   196.0   192.5   189.0   185.6
   182.2   179.0   175.8   172.7   169.5   166.5   163.5   160.5   157.5   154.6
   151.6   148.7   145.8   142.9   140.1   137.2   134.4   131.5   128.7   125.8
   122.9   120.1   117.2   114.3   111.4   108.5   105.5   102.5    99.5    96.3
    93.2    89.9    85.8    80.9    76.0    71.1    65.7    59.7    51.9    39.8
    23.6    12.8     8.7     5.0     0.0     0.0     0.0     0.0     0.0     0.0
     0.0     0.0     0.0     0.0     0.0     0.0     0.0     0.0     0.0     0.0
     0.0     0.0     0.0     0.0     0.0     0.0     0.0     0.0     0.0     0.0
     0.0     0.0     0.0     0.0     0.0     0.0     0.0     0.0     0.0     0.0
     0.0     0.0     0.0     0.0     0.0     0.0     0.0     0.0     0.0     0.0
     0.0     0.0     0.0     0.0     0.0     0.0     0.0     0.0     0.0     0.0
     0.0     0.0     0.0     0.0     0.0     0.0     0.0

Segment 63
     0.0   375.7   371.4   367.0   362.3   357.4   352.8   348.5   344.3   338.3
   331.4   326.4   322.5   319.1   315.6   310.6   304.0   294.0   281.5   268.9
   257.1   248.1   240.9   233.7   226.3   219.5   213.3   207.9   202.4   197.0
   192.8   188.8   184.5   180.6   176.8   173.0   169.1   165.1   161.1   156.7
   152.1   147.1   140.7   135.3   131.7   128.0   124.0   119.8   112.8   103.7
    94.6    82.5    70.0    60.0    50.2    40.1    31.7    25.0    19.5    15.2
    11.7     9.0     7.5     6.1     5.0     0.0     0.0     0.0     0.0     0.0
     0.0     0.0     0.0     0.0     0.0     0.0     0.0     0.0     0.0     0.0
     0.0     0.0     0.0     0.0     0.0     0.0     0.0     0.0     0.0     0.0
     0.0     0.0     0.0     0.0     0.0     0.0     0.0     0.0     0.0     0.0
     0.0     0.0     0.0     0.0     0.0     0.0     0.0     0.0     0.0     0.0
     0.0     0.0     0.0     0.0     0.0     0.0     0.0

Segment 64
     0.0   445.7   441.2   429.1   420.3   408.8   397.9   391.5   386.6   379.9
   372.5   366.8   362.4   358.4   354.5   349.1   342.7   335.2   326.2   317.6
   310.4   304.6   300.0   296.4   292.8   289.2   285.7   282.2   278.6   275.0
   271.4   267.9   264.2   260.5   256.8   253.1   249.3   245.5   241.7   237.8
   233.9   230.0   225.9   221.8   217.7   213.5   209.2   204.6   197.6   189.2
   181.7   173.3   166.2   160.7   155.3   149.8   144.3   138.9   133.3   127.2
   121.0   115.5   110.1   104.6    98.8    92.8    86.2    79.0    70.2    57.3
    42.2    31.2    23.8    17.3    12.0     7.0     5.0     0.0     0.0     0.0
     0.0     0.0     0.0     0.0     0.0     0.0     0.0     0.0     0.0     0.0
     0.0     0.0     0.0     0.0     0.0     0.0     0.0     0.0     0.0     0.0
     0.0     0.0     0.0     0.0     0.0     0.0     0.0     0.0     0.0     0.0
     0.0     0.0     0.0     0.0     0.0     0.0     0.0

Segment 65
     0.0   298.0   294.5   290.9   287.1   283.2   279.5   276.1   272.9   269.8
   266.8   263.7   260.7   257.8   254.9   252.0   249.2   246.4   243.6   240.9
   238.1   235.3   232.6   229.8   227.1   224.3   221.6   218.8   216.0   213.1
   210.3   207.4   204.5   201.6   198.7   195.8   192.8   189.8   186.8   183.8
   180.7   177.6   174.5   171.3   168.2   165.0   161.7   158.4   155.1   151.8
   148.4   144.9   141.5   138.0   134.5   131.0   127.4   123.8   120.1   116.5
   112.8   109.0   105.2   101.4    97.5    93.5    89.4    85.2    80.7    75.9
    70.7    65.2    58.9    51.3    41.5    31.9    23.3    15.2    10.2     7.6
     5.0     0.0     0.0     0.0     0.0     0.0     0.0     0.0     0.0     0.0
     0.0     0.0     0.0     0.0     0.0     0.0     0.0     0.0     0.0     0.0
     0.0     0.0     0.0     0.0     0.0     0.0     0.0     0.0     0.0     0.0
     0.0     0.0     0.0     0.0     0.0     0.0     0.0

Segment 66
     0.0     0.0     0.0     0.0     0.0     0.0     0.0     0.0     0.0     0.0
     0.0     0.0     0.0     0.0     0.0     0.0     0.0     0.0     0.0     0.0
     0.0     0.0     0.0     0.0     0.0     0.0     0.0     0.0     0.0     0.0
     0.0     0.0     0.0     0.0     0.0     0.0     0.0     0.0     0.0     0.0
     0.0     0.0     0.0     0.0     0.0     0.0     0.0     0.0     0.0     0.0
     0.0     0.0     0.0     0.0     0.0     0.0     0.0     0.0     0.0     0.0
     0.0     0.0     0.0     0.0     0.0     0.0     0.0     0.0     0.0     0.0
     0.0     0.0     0.0     0.0     0.0     0.0     0.0     0.0     0.0     0.0
     0.0     0.0     0.0     0.0     0.0     0.0     0.0     0.0     0.0     0.0
     0.0     0.0     0.0     0.0     0.0     0.0     0.0     0.0     0.0     0.0
     0.0     0.0     0.0     0.0     0.0     0.0     0.0     0.0     0.0     0.0
     0.0     0.0     0.0     0.0     0.0     0.0     0.0
